Packet Number	RTT time (usec) 
0	52.022
1	80.655
2	79.603
3	72.965
4	60.396
5	62.727
6	55.935
7	53.808
8	52.716
9	52.969
10	51.256
11	51.456
12	51.754
13	52.639
14	51.393
15	52.129
16	51.546
17	51.729
18	51.634
19	51.192
20	51.152
21	51.889
22	51.35
23	51.183
24	51.242
25	51.13
26	51.265
27	51.446
28	51.328
29	51.523
30	51.496
31	51.491
32	51.543
33	46.533
34	28.57
35	28.667
36	28.635
37	28.707
38	28.742
39	28.656
40	28.335
41	29.232
42	28.75
43	28.532
44	28.579
45	28.769
46	28.443
47	28.686
48	28.568
49	28.716
50	28.513
51	28.79
52	28.735
53	28.76
54	28.651
55	28.51
56	28.681
57	28.471
58	28.565
59	30.172
60	28.64
61	28.973
62	28.503
63	28.676
64	28.407
65	28.781
66	28.561
67	29.722
68	28.829
69	28.581
70	28.486
71	28.693
72	28.811
73	28.507
74	28.504
75	28.69
76	28.369
77	28.919
78	28.639
79	28.811
80	28.604
81	28.67
82	28.622
83	28.62
84	28.863
85	28.702
86	28.723
87	28.616
88	28.487
89	28.34
90	28.728
91	28.598
92	28.551
93	28.83
94	28.503
95	28.6
96	28.79
97	28.796
98	28.554
99	28.311
100	28.462
101	28.568
102	36.045
103	24.235
104	24.114
105	24.054
106	24.035
107	24.252
108	24.183
109	24.251
110	23.985
111	24.248
112	24.234
113	24.26
114	24.345
115	24.078
116	24.176
117	24.23
118	24.233
119	24.074
120	24.209
121	24.213
122	24.189
123	24.127
124	24.047
125	24.272
126	24.371
127	24.138
128	24.212
129	24.137
130	24.108
131	24.075
132	24.403
133	24.12
134	24.117
135	24.131
136	24.075
137	24.175
138	24.268
139	24.089
140	31.797
141	23.391
142	23.525
143	23.68
144	23.413
145	24.15
146	23.659
147	23.437
148	23.384
149	23.532
150	23.336
151	23.342
152	23.279
153	23.359
154	23.176
155	23.296
156	23.485
157	23.481
158	23.294
159	23.488
160	23.322
161	23.592
162	23.481
163	23.37
164	23.292
165	23.416
166	23.366
167	23.329
168	23.53
169	23.382
170	23.338
171	23.46
172	23.418
173	23.48
174	23.555
175	23.312
176	23.338
177	23.575
178	23.315
179	23.341
180	23.291
181	31.085
182	22.931
183	22.703
184	22.601
185	22.747
186	22.904
187	22.593
188	22.606
189	22.934
190	22.614
191	22.904
192	22.798
193	22.689
194	22.71
195	22.731
196	22.79
197	22.815
198	22.915
199	22.657
200	22.809
201	22.859
202	22.295
203	22.262
204	23.928
205	32.538
206	32.493
207	23.162
208	26.501
209	22.759
210	28.823
211	23.286
212	23.191
213	22.958
214	26.778
215	22.422
216	22.951
217	22.824
218	22.85
219	22.727
220	22.357
221	22.419
222	26.867
223	33.078
224	32.736
225	32.351
226	23.047
227	23.347
228	23.015
229	22.818
230	22.682
231	22.764
232	22.794
233	22.927
234	22.871
235	22.85
236	22.684
237	22.8
238	22.868
239	22.866
240	22.886
241	22.991
242	22.822
243	22.744
244	22.755
245	22.749
246	22.698
247	22.712
248	22.787
249	22.701
250	22.743
251	22.698
252	22.706
253	22.659
254	22.684
255	22.863
256	22.67
257	22.695
258	22.713
259	22.675
260	22.737
261	22.869
262	22.626
263	22.641
264	22.677
265	22.599
266	22.664
267	22.705
268	22.674
269	22.771
270	22.904
271	22.973
272	22.847
273	22.894
274	22.754
275	22.834
276	22.804
277	22.868
278	22.167
279	22.045
280	73.431
281	64.339
282	35.944
283	61.811
284	30.274
285	23.694
286	22.943
287	22.748
288	22.898
289	22.812
290	22.816
291	23.166
292	22.65
293	22.695
294	22.281
295	25.971
296	32.938
297	37.658
298	32.574
299	32.366
300	32.344
301	24.275
302	24.305
303	24.541
304	24.163
305	24.754
306	24.241
307	24.344
308	24.363
309	24.225
310	24.18
311	24.05
312	23.331
313	24.268
314	24.458
315	24.156
316	24.071
317	23.983
318	23.925
319	23.009
320	24.087
321	24.148
322	23.893
323	24.555
324	24.183
325	23.909
326	23.667
327	24.079
328	24.316
329	24.084
330	24.315
331	25.759
332	23.75
333	24.413
334	24.012
335	24.268
336	23.706
337	31.98
338	23.656
339	23.631
340	23.252
341	23.179
342	23.408
343	23.649
344	23.755
345	23.475
346	23.478
347	23.497
348	23.391
349	23.282
350	23.064
351	23.132
352	23.234
353	23.14
354	23.228
355	23.415
356	23.232
357	22.702
358	22.79
359	23.347
360	23.268
361	23.261
362	23.126
363	26.796
364	26.975
365	23.226
366	31.964
367	23.364
368	32.39
369	33.675
370	23.597
371	23.504
372	23.508
373	23.632
374	23.365
375	23.445
376	23.424
377	30.67
378	22.289
379	25.686
380	40.011
381	40.835
382	38.615
383	32.704
384	22.792
385	22.591
386	22.663
387	22.939
388	22.777
389	22.671
390	22.715
391	22.142
392	22.208
393	26.053
394	41.389
395	41.757
396	40.508
397	35.636
398	25.319
399	23.016
400	22.503
401	22.709
402	22.606
403	22.954
404	22.383
405	22.584
406	22.642
407	22.033
408	22.391
409	25.796
410	41.042
411	41.351
412	40.727
413	41.734
414	23.092
415	22.79
416	22.614
417	22.588
418	22.43
419	22.767
420	22.687
421	22.484
422	22.894
423	31.586
424	32.126
425	31.129
426	32.182
427	29.356
428	32.293
429	24.422
430	23.545
431	22.946
432	23.222
433	23.62
434	23.453
435	27.62
436	24.88
437	23.394
438	23.406
439	23.279
440	23.288
441	23.233
442	22.74
443	22.973
444	23.194
445	23.212
446	23.257
447	23.323
448	23.383
449	24.852
450	24.748
451	24.942
452	24.793
453	24.906
454	24.663
455	24.797
456	24.264
457	24.765
458	24.899
459	24.099
460	24.748
461	24.717
462	24.62
463	24.84
464	24.778
465	24.809
466	24.226
467	24.824
468	25.232
469	24.092
470	24.114
471	24.743
472	24.726
473	24.774
474	24.69
475	24.486
476	24.729
477	24.627
478	24.947
479	23.969
480	24.674
481	25.065
482	23.495
483	25.28
484	24.06
485	24.323
486	24.122
487	24.09
488	24.084
489	23.617
490	24.327
491	24.02
492	24.175
493	24.152
494	24.082
495	24.056
496	24.122
497	26.698
498	32.29
499	24.956
500	23.999
501	23.846
502	23.859
503	23.87
504	23.93
505	23.989
506	23.883
507	32.25
508	26.026
509	23.674
510	23.408
511	27.463
512	32.981
513	34.035
514	34.034
515	24.155
516	24.218
517	24.14
518	24.06
519	23.904
520	23.969
521	23.841
522	24.023
523	31.275
524	21.886
525	25.399
526	32.382
527	31.982
528	32.355
529	22.88
530	22.649
531	22.602
532	22.539
533	22.681
534	22.657
535	22.467
536	22.571
537	22.638
538	22.024
539	21.92
540	31.403
541	32.166
542	31.875
543	32.125
544	22.772
545	22.829
546	22.682
547	22.745
548	22.747
549	22.457
550	22.441
551	22.024
552	22
553	41.456
554	50.935
555	50.798
556	32.681
557	22.997
558	25.304
559	48.208
560	23.266
561	22.967
562	23.576
563	23.236
564	22.781
565	23.086
566	22.871
567	23.082
568	21.573
569	26.378
570	29.747
571	30.02
572	30.903
573	31.797
574	32.095
575	32.953
576	31.325
577	32.034
578	31.457
579	31.72
580	31.446
581	31.653
582	22.939
583	22.901
584	23.187
585	31.921
586	34.206
587	34.401
588	32.947
589	23.068
590	23.224
591	22.792
592	22.763
593	30.985
594	24.453
595	24.184
596	24.288
597	24.404
598	24.119
599	24.242
600	23.562
601	23.697
602	34.553
603	32.258
604	31.787
605	32.44
606	24.643
607	24.491
608	24.316
609	24.394
610	24.282
611	24.248
612	24.588
613	24.101
614	23.737
615	35.546
616	31.753
617	34.138
618	32.616
619	31.805
620	24.613
621	24.617
622	24.645
623	24.347
624	24.416
625	24.51
626	24.312
627	23.732
628	23.953
629	35.33
630	39.182
631	39.222
632	40.33
633	23.297
634	23.05
635	23.08
636	22.936
637	22.975
638	23.294
639	23.059
640	22.691
641	22.766
642	22.889
643	22.81
644	22.881
645	22.921
646	22.923
647	22.419
648	22.554
649	38.999
650	25.929
651	24.985
652	25.021
653	25.134
654	24.938
655	24.898
656	24.862
657	24.899
658	24.947
659	24.837
660	24.97
661	24.998
662	24.936
663	24.946
664	24.798
665	25.065
666	24.804
667	24.693
668	24.874
669	24.869
670	24.808
671	24.689
672	24.944
673	24.864
674	25.175
675	25.453
676	24.893
677	25.123
678	24.838
679	24.813
680	24.927
681	24.802
682	24.865
683	24.745
684	24.799
685	24.826
686	25.034
687	24.846
688	26.302
689	25.862
690	25.727
691	24.775
692	24.82
693	25.317
694	24.752
695	25.001
696	25.377
697	25.367
698	24.881
699	25.019
700	24.928
701	24.966
702	25.06
703	24.912
704	24.994
705	25.043
706	25.414
707	24.81
708	24.589
709	25.149
710	24.599
711	24.658
712	24.877
713	24.951
714	25.003
715	24.984
716	24.898
717	24.84
718	24.899
719	24.949
720	24.765
721	24.894
722	24.777
723	24.84
724	24.974
725	25.073
726	25.038
727	24.83
728	24.823
729	24.906
730	25.142
731	24.822
732	24.821
733	24.843
734	24.855
735	24.818
736	24.582
737	24.952
738	24.892
739	24.804
740	24.754
741	25.043
742	25.178
743	25.099
744	25.145
745	25.374
746	24.916
747	24.766
748	24.842
749	24.733
750	25.274
751	24.884
752	25.135
753	25.143
754	25.103
755	24.833
756	24.889
757	25.275
758	24.849
759	24.882
760	24.613
761	25.099
762	24.867
763	24.963
764	24.913
765	24.974
766	25.448
767	25.163
768	24.897
769	25.133
770	25.221
771	24.427
772	24.18
773	28.338
774	33.706
775	34.069
776	33.993
777	25.554
778	25.31
779	25.162
780	25.222
781	25.201
782	24.947
783	24.806
784	24.915
785	25.037
786	25.029
787	24.806
788	24.93
789	25.145
790	24.897
791	24.84
792	24.89
793	25.086
794	24.975
795	25.134
796	24.907
797	24.944
798	24.88
799	24.856
800	24.933
801	30.496
802	25.915
803	25.195
804	24.993
805	25.194
806	24.892
807	24.896
808	33.411
809	23.883
810	23.638
811	23.307
812	23.357
813	23.466
814	23.479
815	23.424
816	23.288
817	23.435
818	23.219
819	23.261
820	23.306
821	23.879
822	22.982
823	22.852
824	24.981
825	33.635
826	48.556
827	25.71
828	33.693
829	34.513
830	23.21
831	23.032
832	22.903
833	23.25
834	22.88
835	23.04
836	22.427
837	22.453
838	23.266
839	33.338
840	33.919
841	34.046
842	34.147
843	23.078
844	22.906
845	22.853
846	22.914
847	22.778
848	22.753
849	23.032
850	22.511
851	22.533
852	33.568
853	33.49
854	31.839
855	31.9
856	23.13
857	23.054
858	22.805
859	22.766
860	23.067
861	23.059
862	22.931
863	22.808
864	22.795
865	23.033
866	22.586
867	23.622
868	22.684
869	23.202
870	22.847
871	22.84
872	22.641
873	22.734
874	23.86
875	22.957
876	22.792
877	22.909
878	22.665
879	22.711
880	22.6
881	23.623
882	23.443
883	22.936
884	22.829
885	22.691
886	22.746
887	22.652
888	23.033
889	22.993
890	23.255
891	23.152
892	22.839
893	23.054
894	22.829
895	22.81
896	22.776
897	39.748
898	29.558
899	22.764
900	22.784
901	22.77
902	22.698
903	22.732
904	22.773
905	22.895
906	23.061
907	23.044
908	22.292
909	22.249
910	22.832
911	33.06
912	33.539
913	33.99
914	34.096
915	23.09
916	22.917
917	23.194
918	22.978
919	22.911
920	22.742
921	22.948
922	22.316
923	22.109
924	22.844
925	33.198
926	33.58
927	33.714
928	33.576
929	23.216
930	23.054
931	22.925
932	22.867
933	23.144
934	22.901
935	22.837
936	22.252
937	22.511
938	26.501
939	33.884
940	33.507
941	32.809
942	23.033
943	22.888
944	22.803
945	22.846
946	22.786
947	22.918
948	22.7
949	22.813
950	22.803
951	22.376
952	23.241
953	33.169
954	40.234
955	33.833
956	33.746
957	23.171
958	22.952
959	22.864
960	22.852
961	23.056
962	22.827
963	22.81
964	22.369
965	22.397
966	26.355
967	33.676
968	33.769
969	33.209
970	23.191
971	22.936
972	22.889
973	22.866
974	22.757
975	22.856
976	22.812
977	22.973
978	22.807
979	22.207
980	34.407
981	33.364
982	32.948
983	33.408
984	23.226
985	23.047
986	22.88
987	22.863
988	22.715
989	22.973
990	23.33
991	22.48
992	22.354
993	23.733
994	33.199
995	33.33
996	33.963
997	23.195
998	23.119
999	22.973
